xx: 711
xy: 1054
sfx: 562
src: 39,151,222
rx: 509
ry: 1052
sfy: 1056
xc: 223,110,100
buffc: 102,178,50
rc: 1,136,251
sfc: 255,231,147
fx: 464
fy: 1061
srx: 608
sry: 1055
fc: 0,120,215
buffy: 1060
buffx: 760
